0.0 765.0 0.0 765.0
0.0 0.0 0.0 0.0
274.5 0.0 274.5 0.0
274.5 765.0 274.5 765.0
0.0 383.0 0.0 383.0
548.0 383.0 548.0 383.0
548.0 0.0 548.0 0.0
548.0 765.0 548.0 765.0
149.0 312.0 161.0 281.0
150.0 350.0 165.0 318.0
157.0 388.0 172.0 353.0
162.0 426.0 180.0 386.0
173.0 463.0 193.0 418.0
193.0 496.0 214.0 444.0
218.0 524.0 240.0 465.0
250.0 546.0 269.0 484.0
283.0 552.0 299.0 490.0
315.0 546.0 330.0 483.0
344.0 524.0 357.0 462.0
369.0 496.0 381.0 438.0
388.0 465.0 399.0 409.0
399.0 431.0 409.0 375.0
405.0 394.0 414.0 339.0
408.0 357.0 420.0 302.0
407.0 321.0 422.0 264.0
168.0 290.0 176.0 268.0
186.0 276.0 194.0 254.0
210.0 275.0 218.0 251.0
234.0 281.0 242.0 255.0
257.0 292.0 266.0 265.0
298.0 293.0 314.0 260.0
322.0 282.0 336.0 247.0
347.0 276.0 360.0 239.0
371.0 278.0 385.0 240.0
391.0 292.0 405.0 253.0
278.0 315.0 289.0 287.0
277.0 339.0 289.0 311.0
276.0 362.0 290.0 334.0
275.0 386.0 290.0 358.0
255.0 405.0 271.0 372.0
265.0 409.0 281.0 377.0
276.0 413.0 292.0 380.0
288.0 410.0 304.0 376.0
299.0 406.0 315.0 371.0
197.0 315.0 208.0 292.0
211.0 303.0 223.0 281.0
231.0 304.0 242.0 281.0
246.0 320.0 258.0 295.0
228.0 325.0 241.0 299.0
209.0 325.0 221.0 299.0
312.0 323.0 326.0 293.0
326.0 307.0 340.0 277.0
347.0 306.0 359.0 275.0
362.0 319.0 375.0 284.0
349.0 329.0 362.0 293.0
329.0 328.0 343.0 295.0
229.0 454.0 254.0 418.0
248.0 443.0 269.0 406.0
266.0 436.0 284.0 399.0
278.0 439.0 295.0 402.0
291.0 436.0 306.0 398.0
309.0 444.0 323.0 404.0
328.0 456.0 342.0 413.0
311.0 476.0 326.0 432.0
292.0 483.0 310.0 440.0
279.0 484.0 297.0 442.0
265.0 482.0 285.0 441.0
247.0 473.0 270.0 434.0
